765921
455234575
26
27648307
383
32755757
29
476
1613961
8504
1811670
1178
172
393186081
334010973
69085887
50
3863
1
68
1934581
8150
61
3
4360582
3351075
1082633
451
2930
90202
2795157
625
697005
646
24379
1294
677289667
10498590
4
124510
838649
1636
119661806
18629032
572752691
17110880
66
179925
2344916
5055937
21580314
102741100
2541652
470
1
914550203
230912079
39686
4
2408029
49361606
172
7309972
18
171138348
4
5298000
68
65626
12835391
1
175622
23220483
689737620
70
3272890
199536
110012
53
4
714717
12
10763
350080912
6
8311
87316
1692709
2194
6
78
19
271
3
62921668
9278253
2
8
1649
55659
142662
262035962
222100679
259
372
2
15
960143931
761
33
21466929
20
507436003
1943176
3300
111
111839151
87444
4802364
73467
17498
478088336
98
2006386
48538744
15155823
10
1187
2956751
72053
55
18
3743133
708346486
188967
10
1334
680
14
575
30603
72807
158
414
6724015
28565146
4891
22
98398763
1658
369
22053004
36
64
14016972
87836083
7325980
165
1101
67975
3937446
966873988
31
187116
8164079
3032385
27
368411848
631076270
82818932
101857691
521808
999
8694
3238
10
10372797
116878
138
780
113637019
33009522
5
19796852
54537067
179448
91286094
7784401
130090286
12453
149375487
19292
250279
132414
228611
6811
6948738
91
1382
189063
5361405
218
3
115
3272
7867
219077
5816306
464058607
655
420
700294
13682
507813
821667
4
98128308
873145834
5
41685916
1681239
10289
475772304
11649575
139585
121
117224730
902
68051953
75552
908375
6284577
440936
24
118929844
12657
310
6825
4
7562678
14565
14
282624268
48535
1448
61
245677740
103
386
97243
22
2
470
1938824
1067621
4754
2059
18
3
8951
71
3909
435
378032088
45
18
741
4
1
125
140006
708061627
2746129
10
23322929
30217
3895
4
34285238
167908506
6
1
213
2578
18013736
426421317
313195938
595615
48
366
5878
71496
209
112
11
222126
1240946
98388685
203104614
6200
3568684
4578588
26772222
42434378
1
13392
2348796
3
26
150627919
573
803
14392837
608451764
2303
7697654
73659809
57215593
41
91720988
22836
2
222
24777
5812
120
563
1
75830
2058
3939
930281339
9393706
12
27
2217250
25
433518
9824
63659779
145104412
477792
14
15087142
47950
19
958
55599
726
73166080
12721
381049
1
4
1370491
11239
5
41732327
1
113717608
9463980
167000
84682710
538380034
7955
454620
146532159
202796
16371
16
3436
5
21024
1274
31
4
135
565921
6
1
34
2
3645053
10
1312293
30
357
4640
36902680
29
22884155
1275
2315690
279
2859988
6
2
9268
2
524495546
2
25554
592980188
69
7334
3607
7034
193863
1959238
1089
743164
659312966
1823688
7
50844
914
111607
2280
25
13400
112
10174091
718558684
176450
1221011
31
39
45508
5458
5
31989
488355478
1769
5146129
3911178
305899659
1
15
41618
4683
27912
2
33
132866610
43532847
453
253126
198654
29404078
7
926270
4065
192166
202393
2078854
318
6
54
139817
2
1
206228608
71565562
91287
387723693
46
12898
575395
82692
64637486
198505527
137
4791225
259849454
2613428
198
2413788
829110
13
6798
44180644
37443
54630
7
27419
2
36
682
3702
106
608
73
896
66
897501
83
502717
536255
54637885
2679417
42651
50239
2842101
1
308317378
1767421
122
2942917
1703
828926567
20509301
43
4
85497089
2745009
17
242
387
5663
3320
5632
22984741
2191
271947599
6867818
34
141909123
224639
1676534
172036426
499
628481
9
14436
3
2569781
14870
645636350
39
18
3216810
92
124703
24574091
97
292
495560
232
3
39986332
34
495738648
347851
10912
2762954
166616742
3
8611140
27225
269090
645935
116824851
3
776272787
52064
1
8
15614
34
179543
597
579575
60846717
69552
9
13891
55
9
8
7
2
12
4252
3
4092471
8028058
9
28355
98
2593
2760261
31344
880496192
2837804
881076
261199364
412481
238
5528408
27
2671106
84567681
33
2506
146
113226222
5
15
524
12
960567
989921
46
9853
322771278
1943
960
1273
71475449
25097
340741
16
135970
11597
27735
272991
7335241
122316188
6167
668
10028135
1170
296706665
1
5577431
18899
4776
264
48
252
106
64
771230
31
1
786082068
3573223
499
2602308
7452
5
1335
176627250
703
411
3
13186
32098208
4
525904
124637350
2
25388387
1054
565456338
767
19021318
283616
1916445
338
3299238
3221
221
201759
264119
137851
22
40
17
331
7189892
71
626942
260
31
451
379763
3162
137350
772
25367021
4792
951486
674
3297135
372439748
4699
150229
3173
4484981
963
321265
79
96972
1095
651630935
6546
18871
2491758
1
691291593
282551424
27
3
61290101
2523787
122725
91694
842
89775142
3368255
971
729
1326972
209748584
31189
4625868
291
47
3639
905187859
83244
37476
4751873
8778
756975350
496
655562296
153274504
6257290
14708
19865065
148219
734076
31233
729
82984403
23727039
16620
211
9852
76934039
2443
32049173
959988473
36589633
601
500497
12
3
179766
17638
383701865
532389884
297139808
34269
52232
13791
401136675
14744
1
31626
459729035
598726553
6548
176356583
16313188
5
86315
196
7
240274927
9123967
615459182
182212320
508087168
152050
18134
1
14561211
90505
77
57150688
1
10653
9938
1551
384606504
14613
96340499
4504
436
18967
3803574
612
6
2
5
167663641
6346
239
302412895
8023
612700
7
557174260
150784
22
2958550
802347
8424721
33
281967088
150943619
3
1
3367494
400
7921
3
772368
550705
14
229175473
27
4665
697741540
3
2422
200398200
679
3351701
50
102
64081664
591
699352
1679222
779
568
10953433
14172862
41
444
7
6408478
4566
155468
780772610
5942027
4135625
1790855
221406508
5
1350
4777
18505423
88
183
197051
701
121005
17819727
7282
5447
196625858
891949061
58469
705
1336
591
4073612
6
27298
31501222
1
6744245
173759
334646239
1316
11383
93
3
19444
85878
33136186
25
85
32862
667582
1174481
3607818
67432456
195
254743
31145725
88974
22047917
29
44747
5
37835336
765
6
275
424919985
15213171
147384
19043
782
2920198
19911295
5
4
6464727
89700534
2946445
312
193384069
41359
18449
47515463
39
4855059
4702
19991
609
2501
121
1
80
120447
55
98764
5552079
1
19
9897
195925267
62793
64884286
28317
18
284966
34441
4750655
67376
91
3
3303251
11933
304
1963208
14523877
80
764599114
75585
217795078
688
315890207
3
19826621
162977922
267822
276237
7
177140
56776776
727184
96
17107
1674953
5129987
11777311
1
741171640
305457
1547
40
68963864
235426
81575191
10145
10826443
14555652
39
33096
72
9
20405711
2

